PSTAR: Stopping Powers and Range Tables for Protons

ALUMINUM                                                                

Kinetic   Total     CSDA      
Energy    Stp. Pow. Range     
MeV       MeV cm2/g g/cm2     

1.000E-03 1.043E+02 1.471E-05 
1.500E-03 1.239E+02 1.906E-05 
2.000E-03 1.404E+02 2.285E-05 
2.500E-03 1.550E+02 2.623E-05 
3.000E-03 1.683E+02 2.933E-05 
4.000E-03 1.921E+02 3.487E-05 
5.000E-03 2.131E+02 3.981E-05 
6.000E-03 2.323E+02 4.430E-05 
7.000E-03 2.499E+02 4.845E-05 
8.000E-03 2.664E+02 5.232E-05 
9.000E-03 2.819E+02 5.597E-05 
1.000E-02 2.966E+02 5.943E-05 
1.250E-02 3.245E+02 6.746E-05 
1.500E-02 3.483E+02 7.489E-05 
1.750E-02 3.689E+02 8.186E-05 
2.000E-02 3.867E+02 8.848E-05 
2.250E-02 4.022E+02 9.481E-05 
2.500E-02 4.157E+02 1.009E-04 
2.750E-02 4.273E+02 1.069E-04 
3.000E-02 4.373E+02 1.126E-04 
3.500E-02 4.529E+02 1.239E-04 
4.000E-02 4.638E+02 1.348E-04 
4.500E-02 4.709E+02 1.455E-04 
5.000E-02 4.749E+02 1.560E-04 
5.500E-02 4.766E+02 1.665E-04 
6.000E-02 4.764E+02 1.770E-04 
6.500E-02 4.749E+02 1.875E-04 
7.000E-02 4.724E+02 1.981E-04 
7.500E-02 4.691E+02 2.087E-04 
8.000E-02 4.653E+02 2.194E-04 
8.500E-02 4.611E+02 2.302E-04 
9.000E-02 4.567E+02 2.411E-04 
9.500E-02 4.522E+02 2.521E-04 
1.000E-01 4.477E+02 2.632E-04 
1.250E-01 4.253E+02 3.205E-04 
1.500E-01 4.051E+02 3.808E-04 
1.750E-01 3.873E+02 4.439E-04 
2.000E-01 3.715E+02 5.098E-04 
2.250E-01 3.573E+02 5.785E-04 
2.500E-01 3.444E+02 6.498E-04 
2.750E-01 3.327E+02 7.236E-04 
3.000E-01 3.218E+02 8.001E-04 
3.500E-01 3.020E+02 9.605E-04 
4.000E-01 2.844E+02 1.131E-03 
4.500E-01 2.689E+02 1.312E-03 
5.000E-01 2.550E+02 1.503E-03 
5.500E-01 2.427E+02 1.704E-03 
6.000E-01 2.316E+02 1.915E-03 
6.500E-01 2.216E+02 2.136E-03 
7.000E-01 2.126E+02 2.366E-03 
7.500E-01 2.043E+02 2.606E-03 
8.000E-01 1.968E+02 2.856E-03 
8.500E-01 1.899E+02 3.114E-03 
9.000E-01 1.835E+02 3.382E-03 
9.500E-01 1.775E+02 3.659E-03 
1.000E+00 1.720E+02 3.945E-03 
1.250E+00 1.495E+02 5.509E-03 
1.500E+00 1.328E+02 7.287E-03 
1.750E+00 1.199E+02 9.272E-03 
2.000E+00 1.095E+02 1.146E-02 
2.250E+00 1.010E+02 1.384E-02 
2.500E+00 9.383E+01 1.641E-02 
2.750E+00 8.775E+01 1.916E-02 
3.000E+00 8.250E+01 2.210E-02 
3.500E+00 7.388E+01 2.852E-02 
4.000E+00 6.707E+01 3.563E-02 
4.500E+00 6.154E+01 4.343E-02 
5.000E+00 5.695E+01 5.188E-02 
5.500E+00 5.306E+01 6.098E-02 
6.000E+00 4.973E+01 7.072E-02 
6.500E+00 4.684E+01 8.109E-02 
7.000E+00 4.430E+01 9.207E-02 
7.500E+00 4.205E+01 1.037E-01 
8.000E+00 4.004E+01 1.158E-01 
8.500E+00 3.824E+01 1.286E-01 
9.000E+00 3.660E+01 1.420E-01 
9.500E+00 3.512E+01 1.559E-01 
1.000E+01 3.376E+01 1.705E-01 
1.250E+01 2.842E+01 2.515E-01 
1.500E+01 2.466E+01 3.462E-01 
1.750E+01 2.186E+01 4.541E-01 
2.000E+01 1.969E+01 5.748E-01 
2.500E+01 1.652E+01 8.533E-01 
2.750E+01 1.532E+01 1.011E+00 
3.000E+01 1.431E+01 1.180E+00 
3.500E+01 1.268E+01 1.552E+00 
4.000E+01 1.142E+01 1.968E+00 
4.500E+01 1.041E+01 2.427E+00 
5.000E+01 9.594E+00 2.928E+00 
5.500E+01 8.911E+00 3.469E+00 
6.000E+01 8.334E+00 4.050E+00 
6.500E+01 7.838E+00 4.669E+00 
7.000E+01 7.408E+00 5.325E+00 
7.500E+01 7.031E+00 6.018E+00 
8.000E+01 6.698E+00 6.747E+00 
8.500E+01 6.401E+00 7.511E+00 
9.000E+01 6.135E+00 8.309E+00 
9.500E+01 5.895E+00 9.141E+00 
1.000E+02 5.678E+00 1.001E+01 
1.250E+02 4.837E+00 1.480E+01 
1.500E+02 4.262E+00 2.032E+01 
1.750E+02 3.844E+00 2.651E+01 
2.000E+02 3.526E+00 3.331E+01 
2.250E+02 3.277E+00 4.067E+01 
2.500E+02 3.076E+00 4.855E+01 
2.750E+02 2.911E+00 5.691E+01 
3.000E+02 2.773E+00 6.572E+01 
3.500E+02 2.555E+00 8.454E+01 
4.000E+02 2.393E+00 1.048E+02 
4.500E+02 2.267E+00 1.263E+02 
5.000E+02 2.167E+00 1.489E+02 
5.500E+02 2.086E+00 1.724E+02 
6.000E+02 2.020E+00 1.968E+02 
6.500E+02 1.965E+00 2.219E+02 
7.000E+02 1.918E+00 2.476E+02 
7.500E+02 1.879E+00 2.740E+02 
8.000E+02 1.845E+00 3.008E+02 
8.500E+02 1.816E+00 3.282E+02 
9.000E+02 1.791E+00 3.559E+02 
9.500E+02 1.769E+00 3.840E+02 
1.000E+03 1.750E+00 4.124E+02 
1.500E+03 1.647E+00 7.087E+02 
2.000E+03 1.618E+00 1.016E+03 
2.500E+03 1.613E+00 1.325E+03 
3.000E+03 1.619E+00 1.635E+03 
4.000E+03 1.642E+00 2.248E+03 
5.000E+03 1.668E+00 2.853E+03 
6.000E+03 1.692E+00 3.448E+03 
7.000E+03 1.714E+00 4.035E+03 
8.000E+03 1.734E+00 4.615E+03 
9.000E+03 1.752E+00 5.189E+03 
1.000E+04 1.768E+00 5.757E+03 