PSTAR: Stopping Powers and Range Tables for Protons

IRON                                                                    

Kinetic   Total     CSDA      
Energy    Stp. Pow. Range     
MeV       MeV cm2/g g/cm2     

1.000E-03 4.304E+01 3.706E-05 
1.500E-03 5.129E+01 4.758E-05 
2.000E-03 5.820E+01 5.672E-05 
2.500E-03 6.429E+01 6.489E-05 
3.000E-03 6.979E+01 7.234E-05 
4.000E-03 7.957E+01 8.573E-05 
5.000E-03 8.821E+01 9.765E-05 
6.000E-03 9.604E+01 1.085E-04 
7.000E-03 1.033E+02 1.185E-04 
8.000E-03 1.100E+02 1.279E-04 
9.000E-03 1.163E+02 1.368E-04 
1.000E-02 1.223E+02 1.451E-04 
1.250E-02 1.345E+02 1.646E-04 
1.500E-02 1.453E+02 1.825E-04 
1.750E-02 1.550E+02 1.991E-04 
2.000E-02 1.640E+02 2.148E-04 
2.250E-02 1.722E+02 2.297E-04 
2.500E-02 1.799E+02 2.439E-04 
2.750E-02 1.870E+02 2.575E-04 
3.000E-02 1.937E+02 2.706E-04 
3.500E-02 2.060E+02 2.956E-04 
4.000E-02 2.169E+02 3.193E-04 
4.500E-02 2.266E+02 3.418E-04 
5.000E-02 2.353E+02 3.635E-04 
5.500E-02 2.431E+02 3.844E-04 
6.000E-02 2.502E+02 4.046E-04 
6.500E-02 2.565E+02 4.244E-04 
7.000E-02 2.621E+02 4.436E-04 
7.500E-02 2.671E+02 4.625E-04 
8.000E-02 2.715E+02 4.811E-04 
8.500E-02 2.754E+02 4.994E-04 
9.000E-02 2.788E+02 5.174E-04 
9.500E-02 2.817E+02 5.353E-04 
1.000E-01 2.842E+02 5.529E-04 
1.250E-01 2.915E+02 6.396E-04 
1.500E-01 2.920E+02 7.251E-04 
1.750E-01 2.880E+02 8.113E-04 
2.000E-01 2.813E+02 8.990E-04 
2.250E-01 2.732E+02 9.892E-04 
2.500E-01 2.643E+02 1.082E-03 
2.750E-01 2.552E+02 1.178E-03 
3.000E-01 2.463E+02 1.278E-03 
3.500E-01 2.297E+02 1.488E-03 
4.000E-01 2.150E+02 1.714E-03 
4.500E-01 2.023E+02 1.953E-03 
5.000E-01 1.913E+02 2.208E-03 
5.500E-01 1.818E+02 2.476E-03 
6.000E-01 1.736E+02 2.758E-03 
6.500E-01 1.663E+02 3.052E-03 
7.000E-01 1.598E+02 3.359E-03 
7.500E-01 1.540E+02 3.678E-03 
8.000E-01 1.486E+02 4.008E-03 
8.500E-01 1.438E+02 4.350E-03 
9.000E-01 1.393E+02 4.704E-03 
9.500E-01 1.351E+02 5.068E-03 
1.000E+00 1.313E+02 5.444E-03 
1.250E+00 1.154E+02 7.481E-03 
1.500E+00 1.036E+02 9.771E-03 
1.750E+00 9.408E+01 1.231E-02 
2.000E+00 8.658E+01 1.508E-02 
2.250E+00 8.031E+01 1.808E-02 
2.500E+00 7.501E+01 2.130E-02 
2.750E+00 7.049E+01 2.474E-02 
3.000E+00 6.653E+01 2.840E-02 
3.500E+00 6.002E+01 3.632E-02 
4.000E+00 5.482E+01 4.505E-02 
4.500E+00 5.056E+01 5.456E-02 
5.000E+00 4.699E+01 6.482E-02 
5.500E+00 4.395E+01 7.583E-02 
6.000E+00 4.133E+01 8.757E-02 
6.500E+00 3.904E+01 1.000E-01 
7.000E+00 3.702E+01 1.132E-01 
7.500E+00 3.523E+01 1.270E-01 
8.000E+00 3.362E+01 1.416E-01 
8.500E+00 3.217E+01 1.568E-01 
9.000E+00 3.085E+01 1.726E-01 
9.500E+00 2.965E+01 1.892E-01 
1.000E+01 2.856E+01 2.064E-01 
1.250E+01 2.420E+01 3.019E-01 
1.500E+01 2.110E+01 4.128E-01 
1.750E+01 1.878E+01 5.386E-01 
2.000E+01 1.697E+01 6.788E-01 
2.500E+01 1.432E+01 1.001E+00 
2.750E+01 1.331E+01 1.182E+00 
3.000E+01 1.245E+01 1.377E+00 
3.500E+01 1.107E+01 1.803E+00 
4.000E+01 9.994E+00 2.279E+00 
4.500E+01 9.136E+00 2.803E+00 
5.000E+01 8.433E+00 3.374E+00 
5.500E+01 7.847E+00 3.989E+00 
6.000E+01 7.348E+00 4.648E+00 
6.500E+01 6.920E+00 5.349E+00 
7.000E+01 6.548E+00 6.092E+00 
7.500E+01 6.221E+00 6.876E+00 
8.000E+01 5.932E+00 7.699E+00 
8.500E+01 5.673E+00 8.562E+00 
9.000E+01 5.442E+00 9.462E+00 
9.500E+01 5.232E+00 1.040E+01 
1.000E+02 5.043E+00 1.137E+01 
1.250E+02 4.306E+00 1.676E+01 
1.500E+02 3.801E+00 2.296E+01 
1.750E+02 3.433E+00 2.989E+01 
2.000E+02 3.153E+00 3.750E+01 
2.250E+02 2.932E+00 4.573E+01 
2.500E+02 2.754E+00 5.454E+01 
2.750E+02 2.607E+00 6.388E+01 
3.000E+02 2.485E+00 7.371E+01 
3.500E+02 2.291E+00 9.470E+01 
4.000E+02 2.147E+00 1.173E+02 
4.500E+02 2.034E+00 1.412E+02 
5.000E+02 1.945E+00 1.664E+02 
5.500E+02 1.874E+00 1.926E+02 
6.000E+02 1.814E+00 2.197E+02 
6.500E+02 1.765E+00 2.477E+02 
7.000E+02 1.724E+00 2.763E+02 
7.500E+02 1.689E+00 3.056E+02 
8.000E+02 1.659E+00 3.355E+02 
8.500E+02 1.633E+00 3.659E+02 
9.000E+02 1.610E+00 3.968E+02 
9.500E+02 1.591E+00 4.280E+02 
1.000E+03 1.574E+00 4.596E+02 
1.500E+03 1.482E+00 7.889E+02 
2.000E+03 1.456E+00 1.130E+03 
2.500E+03 1.452E+00 1.474E+03 
3.000E+03 1.457E+00 1.818E+03 
4.000E+03 1.478E+00 2.500E+03 
5.000E+03 1.501E+00 3.171E+03 
6.000E+03 1.524E+00 3.832E+03 
7.000E+03 1.546E+00 4.483E+03 
8.000E+03 1.566E+00 5.126E+03 
9.000E+03 1.584E+00 5.761E+03 
1.000E+04 1.601E+00 6.389E+03 