PSTAR: Stopping Powers and Range Tables for Protons

TITANIUM                                                                

Kinetic   Total     Projected 
Energy    Stp. Pow. Range     
MeV       MeV cm2/g g/cm2     

1.000E-03 6.708E+01 4.702E-06 
1.500E-03 8.038E+01 6.906E-06 
2.000E-03 9.157E+01 9.107E-06 
2.500E-03 1.014E+02 1.128E-05 
3.000E-03 1.103E+02 1.344E-05 
4.000E-03 1.262E+02 1.767E-05 
5.000E-03 1.402E+02 2.180E-05 
6.000E-03 1.529E+02 2.582E-05 
7.000E-03 1.646E+02 2.975E-05 
8.000E-03 1.755E+02 3.357E-05 
9.000E-03 1.858E+02 3.731E-05 
1.000E-02 1.955E+02 4.096E-05 
1.250E-02 2.150E+02 4.979E-05 
1.500E-02 2.320E+02 5.830E-05 
1.750E-02 2.473E+02 6.651E-05 
2.000E-02 2.611E+02 7.446E-05 
2.250E-02 2.737E+02 8.217E-05 
2.500E-02 2.853E+02 8.969E-05 
2.750E-02 2.959E+02 9.702E-05 
3.000E-02 3.057E+02 1.042E-04 
3.500E-02 3.230E+02 1.181E-04 
4.000E-02 3.378E+02 1.316E-04 
4.500E-02 3.503E+02 1.447E-04 
5.000E-02 3.609E+02 1.575E-04 
5.500E-02 3.698E+02 1.700E-04 
6.000E-02 3.770E+02 1.824E-04 
6.500E-02 3.829E+02 1.947E-04 
7.000E-02 3.875E+02 2.068E-04 
7.500E-02 3.910E+02 2.189E-04 
8.000E-02 3.935E+02 2.309E-04 
8.500E-02 3.951E+02 2.429E-04 
9.000E-02 3.959E+02 2.548E-04 
9.500E-02 3.960E+02 2.669E-04 
1.000E-01 3.955E+02 2.789E-04 
1.250E-01 3.860E+02 3.401E-04 
1.500E-01 3.698E+02 4.039E-04 
1.750E-01 3.514E+02 4.711E-04 
2.000E-01 3.330E+02 5.422E-04 
2.250E-01 3.158E+02 6.174E-04 
2.500E-01 3.000E+02 6.968E-04 
2.750E-01 2.858E+02 7.803E-04 
3.000E-01 2.731E+02 8.680E-04 
3.500E-01 2.516E+02 1.055E-03 
4.000E-01 2.342E+02 1.258E-03 
4.500E-01 2.198E+02 1.475E-03 
5.000E-01 2.078E+02 1.705E-03 
5.500E-01 1.976E+02 1.948E-03 
6.000E-01 1.888E+02 2.203E-03 
6.500E-01 1.811E+02 2.470E-03 
7.000E-01 1.743E+02 2.748E-03 
7.500E-01 1.680E+02 3.036E-03 
8.000E-01 1.624E+02 3.335E-03 
8.500E-01 1.572E+02 3.644E-03 
9.000E-01 1.523E+02 3.963E-03 
9.500E-01 1.478E+02 4.292E-03 
1.000E+00 1.437E+02 4.631E-03 
1.250E+00 1.261E+02 6.472E-03 
1.500E+00 1.125E+02 8.551E-03 
1.750E+00 1.018E+02 1.087E-02 
2.000E+00 9.313E+01 1.341E-02 
2.250E+00 8.610E+01 1.618E-02 
2.500E+00 8.018E+01 1.917E-02 
2.750E+00 7.515E+01 2.236E-02 
3.000E+00 7.080E+01 2.576E-02 
3.500E+00 6.363E+01 3.316E-02 
4.000E+00 5.794E+01 4.134E-02 
4.500E+00 5.330E+01 5.027E-02 
5.000E+00 4.943E+01 5.994E-02 
5.500E+00 4.615E+01 7.034E-02 
6.000E+00 4.333E+01 8.144E-02 
6.500E+00 4.087E+01 9.325E-02 
7.000E+00 3.870E+01 1.057E-01 
7.500E+00 3.679E+01 1.189E-01 
8.000E+00 3.507E+01 1.327E-01 
8.500E+00 3.352E+01 1.472E-01 
9.000E+00 3.213E+01 1.623E-01 
9.500E+00 3.085E+01 1.781E-01 
1.000E+01 2.969E+01 1.945E-01 
1.250E+01 2.508E+01 2.859E-01 
1.500E+01 2.183E+01 3.924E-01 
1.750E+01 1.940E+01 5.134E-01 
2.000E+01 1.750E+01 6.485E-01 
2.500E+01 1.473E+01 9.593E-01 
2.750E+01 1.369E+01 1.135E+00 
3.000E+01 1.280E+01 1.322E+00 
3.500E+01 1.136E+01 1.736E+00 
4.000E+01 1.025E+01 2.198E+00 
4.500E+01 9.359E+00 2.706E+00 
5.000E+01 8.632E+00 3.260E+00 
5.500E+01 8.026E+00 3.858E+00 
6.000E+01 7.513E+00 4.499E+00 
6.500E+01 7.072E+00 5.182E+00 
7.000E+01 6.688E+00 5.906E+00 
7.500E+01 6.352E+00 6.670E+00 
8.000E+01 6.054E+00 7.472E+00 
8.500E+01 5.789E+00 8.313E+00 
9.000E+01 5.551E+00 9.191E+00 
9.500E+01 5.336E+00 1.011E+01 
1.000E+02 5.141E+00 1.106E+01 
1.250E+02 4.387E+00 1.632E+01 
1.500E+02 3.870E+00 2.238E+01 
1.750E+02 3.494E+00 2.916E+01 
2.000E+02 3.207E+00 3.661E+01 
2.250E+02 2.982E+00 4.468E+01 
2.500E+02 2.801E+00 5.330E+01 
2.750E+02 2.651E+00 6.245E+01 
3.000E+02 2.526E+00 7.208E+01 
3.500E+02 2.330E+00 9.266E+01 
4.000E+02 2.182E+00 1.148E+02 
4.500E+02 2.068E+00 1.383E+02 
5.000E+02 1.978E+00 1.629E+02 
5.500E+02 1.905E+00 1.886E+02 
6.000E+02 1.845E+00 2.152E+02 
6.500E+02 1.795E+00 2.427E+02 
7.000E+02 1.753E+00 2.708E+02 
7.500E+02 1.717E+00 2.995E+02 
8.000E+02 1.687E+00 3.288E+02 
8.500E+02 1.660E+00 3.587E+02 
9.000E+02 1.638E+00 3.889E+02 
9.500E+02 1.618E+00 4.196E+02 
1.000E+03 1.600E+00 4.506E+02 
1.500E+03 1.508E+00 7.737E+02 
2.000E+03 1.481E+00 1.108E+03 
2.500E+03 1.477E+00 1.446E+03 
3.000E+03 1.482E+00 1.784E+03 
4.000E+03 1.502E+00 2.454E+03 
5.000E+03 1.525E+00 3.114E+03 
6.000E+03 1.549E+00 3.765E+03 
7.000E+03 1.570E+00 4.405E+03 
8.000E+03 1.590E+00 5.038E+03 
9.000E+03 1.609E+00 5.663E+03 
1.000E+04 1.626E+00 6.281E+03 